0.9999945865092595	-0.000010826981481124736	5.413490740562369e-6	5.413490740562368e-6	5.413490740562368e-6	-5.413490740562368e-6	-0.000010826981481124734	5.413490740562368e-6	5.413490740562368e-6	5.413490740562368e-6	-5.41349222293295e-6	-0.000010826979998344666	5.413490740152876e-6	5.413490740613414e-6	5.413490740511324e-6	-2.702739322696513e-6
-0.000021653962962249478	0.9999566920740751	0.000021653962962249475	0.000021653962962249475	0.000021653962962249475	-0.000021653962962249475	-0.000043307925924498936	0.000021653962962249478	0.000021653962962249478	0.000021653962962249478	-0.00002165396889173181	-0.00004330791999337867	0.000021653962960611503	0.000021653962962453654	0.000021653962962045286	-0.000010810957290786051
0.000010826981481124739	0.00002165396296224947	0.9999891730185186	-0.000010826981481124737	-0.000010826981481124739	0.000010826981481124737	0.00002165396296224947	-0.000010826981481124739	-0.000010826981481124737	-0.000010826981481124737	0.000010826984445865903	0.000021653959996689335	-0.000010826981480305756	-0.000010826981481226832	-0.000010826981481022646	5.405478645393027e-6
0.000016240472221687108	0.000032480944443374215	-0.000016240472221687108	0.9999837595277781	-0.000016240472221687118	0.000016240472221687115	0.000032480944443374215	-0.000016240472221687115	-0.000016240472221687118	-0.000016240472221687118	0.000016240476668798834	0.000032480939995034	-0.00001624047222045863	-0.000016240472221840248	-0.00001624047222153397	8.108217968089535e-6
0.000032480944443374215	0.00006496188888674842	-0.000032480944443374215	-0.000032480944443374215	0.9999675190555565	0.00003248094444337422	0.00006496188888674842	-0.00003248094444337422	-0.00003248094444337423	-0.000032480944443374236	0.000032480953337597674	0.00006496187999006799	-0.00003248094444091725	-0.000032480944443680496	-0.000032480944443067935	0.00001621643593617907
-5.413490740562371e-6	-0.000010826981481124739	5.413490740562371e-6	5.413490740562371e-6	5.41349074056237e-6	0.9999945865092594	-0.000010826981481124737	5.41349074056237e-6	5.4134907405623695e-6	5.413490740562369e-6	-5.413492222932952e-6	-0.000010826979998344667	5.4134907401528765e-6	5.413490740613414e-6	5.413490740511323e-6	-2.7027393226965128e-6
-0.00002165396296224948	-0.00004330792592449895	0.00002165396296224948	0.00002165396296224948	0.000021653962962249478	-0.000021653962962249478	0.9999566920740752	0.000021653962962249485	0.00002165396296224948	0.00002165396296224948	-0.000021653968891731806	-0.00004330791999337867	0.000021653962960611513	0.00002165396296245366	0.00002165396296204529	-0.000010810957290786054
0.000010826981481124746	0.000021653962962249485	-0.000010826981481124746	-0.000010826981481124746	-0.000010826981481124744	0.000010826981481124744	0.000021653962962249485	0.9999891730185186	-0.00001082698148112474	-0.00001082698148112474	0.000010826984445865903	0.000021653959996689335	-0.000010826981480305755	-0.000010826981481226829	-0.000010826981481022648	5.405478645393026e-6
0.00001624047222168711	0.00003248094444337422	-0.000016240472221687115	-0.000016240472221687115	-0.000016240472221687118	0.000016240472221687118	0.00003248094444337423	-0.000016240472221687118	0.9999837595277783	-0.00001624047222168712	0.000016240476668798844	0.000032480939995034	-0.000016240472220458625	-0.000016240472221840248	-0.000016240472221533974	8.108217968089537e-6
0.00003248094444337422	0.00006496188888674844	-0.00003248094444337422	-0.00003248094444337423	-0.00003248094444337423	0.00003248094444337423	0.00006496188888674844	-0.00003248094444337423	-0.00003248094444337423	0.9999675190555567	0.00003248095333759769	0.000064961879990068	-0.00003248094444091726	-0.0000324809444436805	-0.00003248094444306795	0.000016216435936179074
-5.413489537892916e-6	-0.000010826979075785831	5.413489537892916e-6	5.413489537892916e-6	5.413489537892915e-6	-5.4134895378929154e-6	-0.00001082697907578583	5.413489537892917e-6	5.413489537892916e-6	5.413489537892916e-6	0.9998095107936517	0.00017419757438624306	5.464652886348098e-6	5.413485997105041e-6	5.413493078680793e-6	-0.00018784693777357752
-0.000021647944504359274	-0.00004329588900871854	0.00002164794450435928	0.000021647944504359274	0.00002164794450435927	-0.000021647944504359274	-0.00004329588900871854	0.000021647944504359274	0.000021647944504359274	0.000021647944504359274	0.0003488124179424333	0.999586243682292	0.0000216480107567688	0.000021647937425714566	0.000021647951583004002	-0.00038092561092960877
0.000010826981481124714	0.00002165396296224942	-0.000010826981481124714	-0.000010826981481124714	-0.000010826981481124712	0.000010826981481124712	0.00002165396296224942	-0.000010826981481124715	-0.000010826981481124715	-0.000010826981481124714	0.000010929311116416267	0.000021653912664173	0.999989070739182	-0.000010826981483182346	-0.000010826981479067084	5.3032466482892585e-6
0.00001624047253207607	0.00003248094506415213	-0.00001624047253207607	-0.00001624047253207607	-0.00001624047253207607	0.00001624047253207607	0.00003248094506415214	-0.000016240472532076073	-0.000016240472532076073	-0.000016240472532076077	0.000016240487580025454	0.00003248093001204574	-0.00001624047252791906	0.999983740417545	-0.000016221362609131357	8.089118809650416e-6
0.000032480944443374175	0.00006496188888674835	-0.00003248094444337418	-0.00003248094444337418	-0.00003248094444337419	0.00003248094444337419	0.00006496188888674838	-0.000032480944443374195	-0.00003248094444337419	-0.000032480944443374195	0.00003248097453927259	0.00006496185878253595	-0.000032480944435060153	-0.000032442724599557526	0.9999674808357129	0.000016178237309948205
-0.00001624046999348503	-0.00003248093998697006	0.00001624046999348503	0.000016240469993485032	0.000016240469993485032	-0.000016240469993485032	-0.000032480939986970064	0.000016240469993485035	0.000016240469993485035	0.000016240469993485035	-0.001126081125884309	0.0010776664119283624	0.000015933773968976993	0.000016278668592726863	0.000016202271394243204	0.9988809883334117