0.9999891729811303	-0.000021654037740076617	0.00001082701887003831	0.000010827018870038309	0.00001082701887003831	-0.00001082701887003831	-0.000021654037740076614	0.000010827018870038312	0.000010827018870038309	0.000010827018870038309	-0.000010827030671341762	-0.000021654025935515684	0.00001082701886678082	0.00001082701887044599	0.000010827018869630627	-5.3975307266989126e-6
-0.00004330807548015324	0.9999133838490395	0.00004330807548015325	0.00004330807548015324	0.00004330807548015325	-0.00004330807548015325	-0.00008661615096030646	0.00004330807548015325	0.00004330807548015324	0.00004330807548015324	-0.00004330812268536703	-0.00008661610374206275	0.00004330807546712327	0.00004330807548178396	0.00004330807547852251	-0.000021590122906795667
0.00002165403774007663	0.000043308075480153255	0.9999783459622597	-0.000021654037740076624	-0.000021654037740076627	0.00002165403774007663	0.000043308075480153255	-0.000021654037740076638	-0.00002165403774007663	-0.000021654037740076634	0.00002165406134268352	0.00004330805187103139	-0.000021654037733561646	-0.000021654037740891975	-0.000021654037739261267	0.000010795061453397832
0.00003248105661011492	0.00006496211322022984	-0.00003248105661011493	0.9999675189433896	-0.00003248105661011492	0.00003248105661011492	0.00006496211322022986	-0.00003248105661011493	-0.00003248105661011492	-0.00003248105661011492	0.00003248109201402526	0.00006496207780654702	-0.00003248105660034245	-0.00003248105661133797	-0.00003248105660889189	0.000016192592180096734
0.00006496211322022986	0.00012992422644045974	-0.00006496211322022987	-0.00006496211322022986	0.9999350378867795	0.00006496211322022986	0.00012992422644045974	-0.00006496211322022988	-0.00006496211322022987	-0.00006496211322022987	0.00006496218402805055	0.00012992415561309406	-0.00006496211320068493	-0.00006496211322267596	-0.0000649621132177838	0.000032385184360193475
-0.000010827018870038309	-0.000021654037740076614	0.000010827018870038309	0.000010827018870038309	0.00001082701887003831	0.9999891729811302	-0.000021654037740076617	0.000010827018870038314	0.00001082701887003831	0.00001082701887003831	-0.000010827030671341756	-0.000021654025935515677	0.000010827018866780823	0.000010827018870445989	0.00001082701886963063	-5.397530726698914e-6
-0.00004330807548015324	-0.00008661615096030647	0.00004330807548015324	0.00004330807548015324	0.00004330807548015325	-0.00004330807548015324	0.9999133838490393	0.00004330807548015326	0.00004330807548015325	0.00004330807548015325	-0.00004330812268536704	-0.00008661610374206274	0.000043308075467123286	0.000043308075481783956	0.00004330807547852252	-0.00002159012290679566
0.00002165403774007663	0.000043308075480153255	-0.00002165403774007663	-0.00002165403774007663	-0.000021654037740076634	0.00002165403774007663	0.000043308075480153255	0.9999783459622602	-0.000021654037740076634	-0.000021654037740076638	0.00002165406134268352	0.00004330805187103139	-0.000021654037733561653	-0.000021654037740891985	-0.000021654037739261274	0.000010795061453397832
0.000032481056610114914	0.00006496211322022984	-0.00003248105661011493	-0.00003248105661011492	-0.00003248105661011492	0.000032481056610114914	0.00006496211322022984	-0.00003248105661011493	0.9999675189433898	-0.00003248105661011492	0.000032481092014025274	0.00006496207780654705	-0.00003248105660034245	-0.00003248105661133797	-0.00003248105660889189	0.000016192592180096738
0.00006496211322022986	0.00012992422644045974	-0.00006496211322022987	-0.00006496211322022986	-0.00006496211322022987	0.00006496211322022987	0.00012992422644045974	-0.00006496211322022988	-0.00006496211322022987	0.9999350378867796	0.00006496218402805058	0.00012992415561309412	-0.00006496211320068494	-0.00006496211322267595	-0.00006496211321778377	0.00003238518436019349
-0.000010827012587206327	-0.000021654025174412654	0.000010827012587206329	0.000010827012587206327	0.000010827012587206329	-0.000010827012587206329	-0.00002165402517441265	0.00001082701258720633	0.000010827012587206327	0.00001082701258720633	0.9996200153001544	0.00034740153691432474	0.000010929137756679947	0.000010826998446175565	0.000010827026728237096	-0.00037482796803886944
-0.00004328403166003299	-0.00008656806332006596	0.000043284031660032995	0.00004328403166003299	0.000043284031660032995	-0.00004328403166003299	-0.00008656806332006598	0.000043284031660033	0.000043284031660033	0.00004328403166003301	0.0006964650533821515	0.9991736825879135	0.00004328429538440487	0.00004328400339356029	0.000043284059926505694	-0.000759962277733971
0.000021654037740076092	0.000043308075480152184	-0.000021654037740076096	-0.000021654037740076092	-0.000021654037740076092	0.00002165403774007609	0.00004330807548015218	-0.000021654037740076096	-0.000021654037740076092	-0.000021654037740076096	0.000021858311596306347	0.00004330786342237321	0.9999781419004616	-0.000021654037748698505	-0.000021654037731453666	0.000010591188176990175
0.00003248105785181419	0.00006496211570362839	-0.000032481057851814196	-0.000032481057851814196	-0.000032481057851814196	0.00003248105785181419	0.00006496211570362838	-0.0000324810578518142	-0.000032481057851814196	-0.000032481057851814196	0.00003248113553079967	0.0000649620380031978	-0.00003248105783036907	0.9999674807223017	-0.00003244283800537399	0.000016154415273757244
0.00006496211322022956	0.00012992422644045911	-0.00006496211322022957	-0.00006496211322022956	-0.00006496211322022956	0.00006496211322022956	0.00012992422644045911	-0.00006496211322022957	-0.00006496211322022956	-0.00006496211322022956	0.00006496226857819699	0.0001299240710396015	-0.00006496211317733936	-0.00006488567353808002	0.9999349614470975	0.00003230882931117667
-0.00003248103883433485	-0.00006496207766866972	0.000032481038834334866	0.00003248103883433486	0.00003248103883433485	-0.00003248103883433485	-0.0000649620776686697	0.00003248103883433486	0.00003248103883433485	0.00003248103883433486	-0.0022462028973636947	0.0021493714010150616	0.00003186941867996514	0.00003255739367151711	0.00003240468399715262	0.9977671481927693