0.9999927820040379	-0.000014435991924319751	7.217995962159875e-6	7.217995962159875e-6	7.2179959621598755e-6	-7.217995962159876e-6	-0.000014435991924319754	7.217995962159877e-6	7.217995962159875e-6	7.217995962159876e-6	-7.2179994703735036e-6	-0.000014435988415137274	7.217995961191027e-6	7.217995962280814e-6	7.217995962038934e-6	-3.601882871642308e-6
-0.000028871983848639512	0.9999422560323029	0.000028871983848639505	0.000028871983848639502	0.000028871983848639505	-0.00002887198384863951	-0.00005774396769727903	0.000028871983848639516	0.000028871983848639505	0.000028871983848639512	-0.00002887199788149402	-0.000057743953660549096	0.00002887198384476411	0.000028871983849123256	0.00002887198384815573	-0.000014407531486569227
0.000014435991924319744	0.000028871983848639492	0.9999855640080755	-0.000014435991924319748	-0.000014435991924319746	0.00001443599192431975	0.000028871983848639502	-0.000014435991924319753	-0.000014435991924319748	-0.000014435991924319751	0.000014435998940747009	0.000028871976830274548	-0.00001443599192238205	-0.000014435991924561626	-0.00001443599192407786	7.203765743284614e-6
0.000021653987886479618	0.00004330797577295924	-0.000021653987886479618	0.9999783460121139	-0.000021653987886479615	0.00002165398788647962	0.00004330797577295925	-0.000021653987886479625	-0.000021653987886479618	-0.000021653987886479618	0.000021653998411120506	0.0000433079652454118	-0.000021653987883573075	-0.00002165398788684244	-0.000021653987886116793	0.000010805648614926917
0.000043307975772959236	0.00008661595154591849	-0.000043307975772959236	-0.000043307975772959236	0.999956692024227	0.00004330797577295925	0.00008661595154591851	-0.000043307975772959256	-0.00004330797577295924	-0.00004330797577295924	0.00004330799682224101	0.0000866159304908236	-0.00004330797576714616	-0.00004330797577368487	-0.00004330797577223359	0.00002161129722985384
-7.217995962159874e-6	-0.00001443599192431975	7.217995962159875e-6	7.217995962159874e-6	7.217995962159875e-6	0.9999927820040382	-0.000014435991924319754	7.217995962159878e-6	7.217995962159875e-6	7.217995962159876e-6	-7.217999470373504e-6	-0.000014435988415137274	7.217995961191028e-6	7.217995962280814e-6	7.217995962038931e-6	-3.6018828716423076e-6
-0.000028871983848639505	-0.00005774396769727901	0.000028871983848639505	0.000028871983848639502	0.000028871983848639505	-0.000028871983848639505	0.9999422560323029	0.00002887198384863951	0.0000288719838486395	0.000028871983848639502	-0.000028871997881494014	-0.00005774395366054909	0.00002887198384476411	0.000028871983849123253	0.000028871983848155724	-0.000014407531486569222
0.000014435991924319746	0.000028871983848639495	-0.000014435991924319748	-0.000014435991924319746	-0.000014435991924319748	0.000014435991924319748	0.000028871983848639495	0.9999855640080761	-0.000014435991924319748	-0.00001443599192431975	0.000014435998940747009	0.000028871976830274544	-0.000014435991922382053	-0.000014435991924561628	-0.000014435991924077864	7.2037657432846135e-6
0.000021653987886479618	0.00004330797577295924	-0.000021653987886479618	-0.000021653987886479618	-0.00002165398788647962	0.00002165398788647962	0.000043307975772959256	-0.00002165398788647963	0.9999783460121136	-0.000021653987886479618	0.000021653998411120506	0.000043307965245411815	-0.000021653987883573082	-0.000021653987886842436	-0.000021653987886116793	0.000010805648614926916
0.000043307975772959236	0.00008661595154591849	-0.000043307975772959236	-0.000043307975772959236	-0.00004330797577295924	0.00004330797577295924	0.00008661595154591851	-0.00004330797577295926	-0.00004330797577295924	0.9999566920242271	0.00004330799682224101	0.00008661593049082362	-0.000043307975767146164	-0.00004330797577368488	-0.000043307975772233586	0.000021611297229853838
-7.217993605530474e-6	-0.000014435987211060947	7.217993605530473e-6	7.217993605530473e-6	7.217993605530474e-6	-7.217993605530473e-6	-0.000014435987211060947	7.2179936055304745e-6	7.217993605530474e-6	7.2179936055304745e-6	0.999746235677144	0.000232042169103937	7.2861665405166265e-6	7.217987314078755e-6	7.217999896982193e-6	-0.00025026978260139754
-0.00002886128882150512	-0.00005772257764301025	0.00002886128882150512	0.00002886128882150512	0.000028861288821505124	-0.00002886128882150512	-0.00005772257764301025	0.000028861288821505127	0.00002886128882150512	0.000028861288821505124	0.00046482509646172395	0.9994485909194826	0.000028861406412739668	0.00002886127624438619	0.000028861301398624063	-0.0005074801999630268
0.000014435991924319656	0.000028871983848639316	-0.000014435991924319658	-0.000014435991924319656	-0.000014435991924319658	0.000014435991924319658	0.000028871983848639316	-0.00001443599192431966	-0.000014435991924319656	-0.00001443599192431966	0.000014572344766848327	0.000028871892814433077	0.9999854277462679	-0.00001443599192803581	-0.000014435991920603502	7.067587970704101e-6
0.000021653988438303487	0.000043307976876606974	-0.000021653988438303484	-0.00002165398843830348	-0.00002165398843830348	0.00002165398843830348	0.00004330797687660697	-0.000021653988438303484	-0.00002165398843830348	-0.00002165398843830348	0.00002165401778983214	0.000043307947516971605	-0.00002165398843019682	0.9999783205316641	-0.000021628508540966496	0.00001078018783698209
0.000043307975772959175	0.00008661595154591836	-0.000043307975772959175	-0.000043307975772959175	-0.00004330797577295918	0.00004330797577295918	0.00008661595154591838	-0.000043307975772959195	-0.00004330797577295918	-0.00004330797577295919	0.000043308034476015595	0.00008661589282664859	-0.00004330797575674587	-0.000043257015982332126	0.9999566410644365	0.000021560375124163225
-0.0000216539826094697	-0.0000433079652189394	0.0000216539826094697	0.0000216539826094697	0.0000216539826094697	-0.0000216539826094697	-0.000043307965218939406	0.000021653982609469703	0.000021653982609469696	0.0000216539826094697	-0.0015001144397213987	0.0014355610252983623	0.00002124544920409753	0.000021704904651747523	0.000021603060567191853	0.998509135925651