0.9999963910103268	-7.217979346566015e-6	3.608989673283008e-6	3.6089896732830075e-6	3.6089896732830075e-6	-3.6089896732830075e-6	-7.217979346566014e-6	3.6089896732830075e-6	3.608989673283007e-6	3.608989673283007e-6	-3.608990113140399e-6	-7.217978906587079e-6	3.608989673161457e-6	3.608989673298134e-6	3.6089896732678795e-6	-1.8027126790953658e-6
-0.000014435958693132033	0.9999711280826139	0.000014435958693132033	0.000014435958693132032	0.000014435958693132033	-0.000014435958693132032	-0.000028871917386264063	0.000014435958693132032	0.00001443595869313203	0.00001443595869313203	-0.000014435960452561595	-0.000028871915626348313	0.00001443595869264583	0.000014435958693192539	0.000014435958693071516	-7.210850716381461e-6
7.217979346566015e-6	0.000014435958693132032	0.9999927820206537	-7.217979346566017e-6	-7.2179793465660175e-6	7.217979346566017e-6	0.000014435958693132032	-7.217979346566016e-6	-7.217979346566015e-6	-7.217979346566016e-6	7.217980226280796e-6	0.000014435957813174153	-7.217979346322916e-6	-7.217979346596269e-6	-7.217979346535762e-6	3.605425358190733e-6
0.000010826969019849025	0.00002165393803969805	-0.000010826969019849025	0.9999891730309803	-0.000010826969019849025	0.00001082696901984902	0.000021653938039698046	-0.000010826969019849025	-0.000010826969019849023	-0.000010826969019849025	0.000010826970339421189	0.000021653936719761234	-0.000010826969019484368	-0.0000108269690198944	-0.000010826969019803639	5.408138037286098e-6
0.00002165393803969804	0.00004330787607939608	-0.00002165393803969804	-0.00002165393803969804	0.9999783460619602	0.000021653938039698046	0.00004330787607939609	-0.000021653938039698046	-0.000021653938039698042	-0.000021653938039698046	0.000021653940678842378	0.00004330787343952247	-0.000021653938038968744	-0.0000216539380397888	-0.000021653938039607284	0.000010816276074572197
-3.6089896732830075e-6	-7.217979346566017e-6	3.6089896732830075e-6	3.6089896732830083e-6	3.6089896732830075e-6	0.9999963910103268	-7.217979346566016e-6	3.608989673283008e-6	3.6089896732830075e-6	3.608989673283008e-6	-3.608990113140399e-6	-7.217978906587077e-6	3.6089896731614582e-6	3.6089896732981342e-6	3.6089896732678803e-6	-1.8027126790953658e-6
-0.00001443595869313203	-0.000028871917386264063	0.00001443595869313203	0.000014435958693132032	0.00001443595869313203	-0.000014435958693132033	0.9999711280826137	0.000014435958693132028	0.000014435958693132027	0.000014435958693132028	-0.00001443596045256159	-0.000028871915626348306	0.00001443595869264583	0.000014435958693192537	0.00001443595869307152	-7.21085071638146e-6
7.217979346566017e-6	0.000014435958693132035	-7.217979346566017e-6	-7.2179793465660175e-6	-7.217979346566017e-6	7.217979346566018e-6	0.000014435958693132033	0.9999927820206534	-7.217979346566016e-6	-7.217979346566016e-6	7.217980226280794e-6	0.000014435957813174153	-7.2179793463229165e-6	-7.217979346596269e-6	-7.217979346535761e-6	3.605425358190731e-6
0.000010826969019849018	0.000021653938039698036	-0.000010826969019849018	-0.000010826969019849018	-0.00001082696901984902	0.000010826969019849023	0.00002165393803969804	-0.00001082696901984902	0.99998917303098	-0.000010826969019849023	0.000010826970339421189	0.00002165393671976123	-0.000010826969019484372	-0.000010826969019894397	-0.000010826969019803639	5.408138037286098e-6
0.000021653938039698036	0.00004330787607939607	-0.000021653938039698036	-0.000021653938039698036	-0.00002165393803969804	0.000021653938039698042	0.00004330787607939608	-0.00002165393803969804	-0.000021653938039698036	0.9999783460619599	0.000021653940678842374	0.000043307873439522454	-0.000021653938038968737	-0.000021653938039788793	-0.000021653938039607278	0.000010816276074572196
-3.6089891935150703e-6	-7.217978387030141e-6	3.60898919351507e-6	3.6089891935150695e-6	3.6089891935150695e-6	-3.60898919351507e-6	-7.217978387030138e-6	3.6089891935150686e-6	3.608989193515069e-6	3.6089891935150686e-6	0.9998728963217584	0.00011624257929106892	3.6431205636806567e-6	3.608987619009696e-6	3.6089907680204424e-6	-0.0001253278817673511
-0.00001443328270768851	-0.00002886656541537702	0.00001443328270768851	0.000014433282707688511	0.000014433282707688511	-0.000014433282707688513	-0.000028866565415377022	0.00001443328270768851	0.00001443328270768851	0.00001443328270768851	0.00023267087549420196	0.9997240292468896	0.000014433312201015137	0.000014433279559836686	0.00001443328585554033	-0.0002541611409468303
7.217979346566013e-6	0.000014435958693132027	-7.217979346566013e-6	-7.217979346566014e-6	-7.217979346566013e-6	7.217979346566015e-6	0.000014435958693132027	-7.217979346566012e-6	-7.217979346566012e-6	-7.2179793465660116e-6	7.286242954145966e-6	0.000014435936743717468	0.9999927137789951	-7.217979347465954e-6	-7.217979345666067e-6	3.5372047712512793e-6
0.000010826969157794362	0.00002165393831558872	-0.00001082696915779436	-0.00001082696915779436	-0.000010826969157794362	0.000010826969157794364	0.00002165393831558872	-0.000010826969157794362	-0.000010826969157794362	-0.000010826969157794362	0.00001082697519362191	0.000021653932278093402	-0.000010826969156126594	0.9999891602908932	-0.000010814229209180629	5.395402877282966e-6
0.000021653938039698042	0.000043307876079396085	-0.000021653938039698042	-0.000021653938039698042	-0.000021653938039698046	0.00002165393803969805	0.00004330787607939609	-0.000021653938039698046	-0.000021653938039698042	-0.000021653938039698042	0.000021653950111353035	0.00004330786400440557	-0.00002165393803636251	-0.00002162845814330116	0.9999783205820637	0.00001079080561703597
-0.000010826968359164884	-0.00002165393671832977	0.000010826968359164884	0.000010826968359164884	0.000010826968359164884	-0.000010826968359164886	-0.00002165393671832977	0.000010826968359164884	0.000010826968359164886	0.000010826968359164886	-0.0007513856671876666	0.000719109423878562	0.000010622306590774738	0.000010852438808574685	0.000010801497909755086	0.999253415350587